[[params]]
size = 92
delta = 0.10000000149011612
offset = 0.11800000071525574
width = 0.013000000268220901

[[params]]
size = 92
delta = 0.10000000149011612
offset = 0.16699999570846558
width = 0.02199999988079071
